version https://git-lfs.github.com/spec/v1
oid sha256:709f94a8011707e0f2bdd1983e9a118bbd3bc1873d02ac8c57ae409005248f88
size 195056
