version https://git-lfs.github.com/spec/v1
oid sha256:6e9f45176cca32cf9cc62f5db38c5e093b3c5f6665659295cf4250feee659837
size 124157
