version https://git-lfs.github.com/spec/v1
oid sha256:98498a4b19085fd9cbb0448475423bd22f4b90ebd3b87f04336ab5fe0ff4615a
size 44087
