version https://git-lfs.github.com/spec/v1
oid sha256:7441b01f18d894606ac7947f90e379646ac700af5c7feaa34718b959c9ab750f
size 95039
